Web Search interest: medicina+saude+saúde meio ambiente religião+religiao economia esporte
Brazil 2006-2015

Interest over time
Week,medicina+saude+saúde,meio ambiente,religião+religiao,economia,esporte
2006-01-01 - 2006-01-07,60,5,3,7,17
2006-01-08 - 2006-01-14,65,6,3,6,17
2006-01-15 - 2006-01-21,66,6,3,6,16
2006-01-22 - 2006-01-28,64,7,2,6,18
2006-01-29 - 2006-02-04,66,6,3,7,17
2006-02-05 - 2006-02-11,68,9,5,12,16
2006-02-12 - 2006-02-18,70,10,5,13,18
2006-02-19 - 2006-02-25,67,9,5,14,19
2006-02-26 - 2006-03-04,62,8,5,13,18
2006-03-05 - 2006-03-11,71,12,7,19,18
2006-03-12 - 2006-03-18,72,11,8,19,21
2006-03-19 - 2006-03-25,75,12,8,19,21
2006-03-26 - 2006-04-01,73,12,7,20,21
2006-04-02 - 2006-04-08,73,11,9,19,20
2006-04-09 - 2006-04-15,61,11,8,16,20
2006-04-16 - 2006-04-22,69,11,8,16,22
2006-04-23 - 2006-04-29,73,12,7,17,22
2006-04-30 - 2006-05-06,68,11,8,18,23
2006-05-07 - 2006-05-13,69,12,8,18,21
2006-05-14 - 2006-05-20,67,13,9,18,22
2006-05-21 - 2006-05-27,67,15,11,22,23
2006-05-28 - 2006-06-03,68,21,12,22,25
2006-06-04 - 2006-06-10,64,28,14,22,25
2006-06-11 - 2006-06-17,57,14,11,18,23
2006-06-18 - 2006-06-24,66,13,11,19,22
2006-06-25 - 2006-07-01,60,10,8,15,22
2006-07-02 - 2006-07-08,60,8,7,11,17
2006-07-09 - 2006-07-15,56,7,4,8,16
2006-07-16 - 2006-07-22,54,5,4,7,16
2006-07-23 - 2006-07-29,56,7,4,8,16
2006-07-30 - 2006-08-05,57,8,5,10,17
2006-08-06 - 2006-08-12,61,9,6,13,18
2006-08-13 - 2006-08-19,62,10,7,14,21
2006-08-20 - 2006-08-26,62,11,7,15,21
2006-08-27 - 2006-09-02,62,10,7,15,22
2006-09-03 - 2006-09-09,53,8,6,13,20
2006-09-10 - 2006-09-16,61,11,7,16,21
2006-09-17 - 2006-09-23,59,10,6,15,22
2006-09-24 - 2006-09-30,57,9,5,13,19
2006-10-01 - 2006-10-07,53,8,5,13,19
2006-10-08 - 2006-10-14,52,8,5,11,19
2006-10-15 - 2006-10-21,60,10,6,15,20
2006-10-22 - 2006-10-28,60,11,6,14,23
2006-10-29 - 2006-11-04,55,10,6,14,22
2006-11-05 - 2006-11-11,59,12,6,15,25
2006-11-12 - 2006-11-18,55,10,6,14,23
2006-11-19 - 2006-11-25,58,10,6,14,22
2006-11-26 - 2006-12-02,53,8,5,12,22
2006-12-03 - 2006-12-09,50,6,3,9,20
2006-12-10 - 2006-12-16,47,5,3,7,22
2006-12-17 - 2006-12-23,39,3,2,4,22
2006-12-24 - 2006-12-30,36,3,2,3,19
2006-12-31 - 2007-01-06,47,3,2,4,19
2007-01-07 - 2007-01-13,50,4,2,5,21
2007-01-14 - 2007-01-20,56,4,2,5,22
2007-01-21 - 2007-01-27,54,5,2,5,24
2007-01-28 - 2007-02-03,57,6,2,5,23
2007-02-04 - 2007-02-10,55,8,2,7,22
2007-02-11 - 2007-02-17,53,8,3,9,23
2007-02-18 - 2007-02-24,48,7,3,8,21
2007-02-25 - 2007-03-03,56,11,5,11,22
2007-03-04 - 2007-03-10,57,12,5,12,23
2007-03-11 - 2007-03-17,61,12,6,13,22
2007-03-18 - 2007-03-24,59,12,6,13,23
2007-03-25 - 2007-03-31,56,11,5,14,23
2007-04-01 - 2007-04-07,48,10,5,10,23
2007-04-08 - 2007-04-14,55,12,6,12,23
2007-04-15 - 2007-04-21,57,11,6,13,25
2007-04-22 - 2007-04-28,56,10,5,11,26
2007-04-29 - 2007-05-05,52,10,5,10,25
2007-05-06 - 2007-05-12,55,11,7,12,28
2007-05-13 - 2007-05-19,55,14,7,12,26
2007-05-20 - 2007-05-26,55,17,6,14,27
2007-05-27 - 2007-06-02,59,22,6,14,27
2007-06-03 - 2007-06-09,50,33,6,12,27
2007-06-10 - 2007-06-16,55,20,7,15,26
2007-06-17 - 2007-06-23,53,14,6,13,26
2007-06-24 - 2007-06-30,52,12,6,11,27
2007-07-01 - 2007-07-07,50,10,4,8,29
2007-07-08 - 2007-07-14,49,9,4,7,29
2007-07-15 - 2007-07-21,47,7,3,6,32
2007-07-22 - 2007-07-28,50,6,3,6,29
2007-07-29 - 2007-08-04,50,8,4,8,26
2007-08-05 - 2007-08-11,52,10,5,10,26
2007-08-12 - 2007-08-18,53,10,6,12,26
2007-08-19 - 2007-08-25,56,12,6,13,27
2007-08-26 - 2007-09-01,54,11,6,13,29
2007-09-02 - 2007-09-08,51,11,5,12,29
2007-09-09 - 2007-09-15,55,12,6,13,27
2007-09-16 - 2007-09-22,54,13,6,13,27
2007-09-23 - 2007-09-29,54,11,5,12,27
2007-09-30 - 2007-10-06,54,11,5,11,28
2007-10-07 - 2007-10-13,49,9,5,9,28
2007-10-14 - 2007-10-20,54,10,5,11,26
2007-10-21 - 2007-10-27,56,12,6,12,27
2007-10-28 - 2007-11-03,53,11,5,12,34
2007-11-04 - 2007-11-10,55,11,6,13,28
2007-11-11 - 2007-11-17,50,10,5,11,30
2007-11-18 - 2007-11-24,53,11,6,13,27
2007-11-25 - 2007-12-01,49,9,5,11,30
2007-12-02 - 2007-12-08,46,8,3,9,30
2007-12-09 - 2007-12-15,43,6,3,7,27
2007-12-16 - 2007-12-22,42,4,2,5,29
2007-12-23 - 2007-12-29,33,3,2,3,30
2007-12-30 - 2008-01-05,41,4,2,4,29
2008-01-06 - 2008-01-12,54,5,2,4,28
2008-01-13 - 2008-01-19,55,5,2,5,32
2008-01-20 - 2008-01-26,54,5,2,5,31
2008-01-27 - 2008-02-02,49,5,2,5,31
2008-02-03 - 2008-02-09,43,4,2,5,30
2008-02-10 - 2008-02-16,56,7,2,7,30
2008-02-17 - 2008-02-23,57,8,3,9,35
2008-02-24 - 2008-03-01,58,10,4,10,34
2008-03-02 - 2008-03-08,58,9,4,11,33
2008-03-09 - 2008-03-15,58,10,5,12,31
2008-03-16 - 2008-03-22,51,8,4,10,33
2008-03-23 - 2008-03-29,62,10,5,13,33
2008-03-30 - 2008-04-05,63,10,5,13,33
2008-04-06 - 2008-04-12,61,10,6,13,34
2008-04-13 - 2008-04-19,55,9,5,12,30
2008-04-20 - 2008-04-26,55,9,5,11,34
2008-04-27 - 2008-05-03,55,8,4,9,37
2008-05-04 - 2008-05-10,53,10,5,10,41
2008-05-11 - 2008-05-17,55,12,5,11,37
2008-05-18 - 2008-05-24,51,12,5,10,38
2008-05-25 - 2008-05-31,56,18,6,12,36
2008-06-01 - 2008-06-07,52,34,6,13,37
2008-06-08 - 2008-06-14,54,19,6,12,41
2008-06-15 - 2008-06-21,52,14,5,11,34
2008-06-22 - 2008-06-28,48,11,5,10,36
2008-06-29 - 2008-07-05,48,9,4,8,37
2008-07-06 - 2008-07-12,46,7,3,7,40
2008-07-13 - 2008-07-19,46,6,2,5,42
2008-07-20 - 2008-07-26,45,6,3,6,45
2008-07-27 - 2008-08-02,47,6,3,6,48
2008-08-03 - 2008-08-09,52,8,4,9,51
2008-08-10 - 2008-08-16,53,9,5,11,51
2008-08-17 - 2008-08-23,55,10,6,12,57
2008-08-24 - 2008-08-30,55,10,6,12,45
2008-08-31 - 2008-09-06,57,11,5,11,44
2008-09-07 - 2008-09-13,60,10,5,12,40
2008-09-14 - 2008-09-20,57,11,5,13,40
2008-09-21 - 2008-09-27,54,11,5,12,40
2008-09-28 - 2008-10-04,53,10,4,11,44
2008-10-05 - 2008-10-11,48,8,3,12,39
2008-10-12 - 2008-10-18,53,9,4,11,37
2008-10-19 - 2008-10-25,53,10,5,12,45
2008-10-26 - 2008-11-01,54,10,5,12,44
2008-11-02 - 2008-11-08,55,10,5,12,46
2008-11-09 - 2008-11-15,55,10,5,13,44
2008-11-16 - 2008-11-22,50,10,5,12,45
2008-11-23 - 2008-11-29,51,9,4,11,39
2008-11-30 - 2008-12-06,50,6,3,8,39
2008-12-07 - 2008-12-13,43,5,2,7,48
2008-12-14 - 2008-12-20,39,4,2,5,51
2008-12-21 - 2008-12-27,28,2,2,3,54
2008-12-28 - 2009-01-03,31,2,2,4,55
2009-01-04 - 2009-01-10,47,3,2,4,52
2009-01-11 - 2009-01-17,50,4,2,4,54
2009-01-18 - 2009-01-24,49,4,2,4,59
2009-01-25 - 2009-01-31,52,4,2,5,61
2009-02-01 - 2009-02-07,51,5,2,6,61
2009-02-08 - 2009-02-14,53,6,3,8,62
2009-02-15 - 2009-02-21,50,7,3,8,62
2009-02-22 - 2009-02-28,44,6,3,6,56
2009-03-01 - 2009-03-07,57,8,4,10,56
2009-03-08 - 2009-03-14,56,8,4,10,61
2009-03-15 - 2009-03-21,56,8,5,10,55
2009-03-22 - 2009-03-28,55,9,5,11,60
2009-03-29 - 2009-04-04,55,9,5,11,60
2009-04-05 - 2009-04-11,48,7,4,9,64
2009-04-12 - 2009-04-18,56,8,5,10,63
2009-04-19 - 2009-04-25,50,7,4,8,61
2009-04-26 - 2009-05-02,54,7,4,8,64
2009-05-03 - 2009-05-09,53,8,4,9,71
2009-05-10 - 2009-05-16,53,10,5,10,75
2009-05-17 - 2009-05-23,53,12,5,10,70
2009-05-24 - 2009-05-30,53,15,5,10,73
2009-05-31 - 2009-06-06,49,29,5,9,68
2009-06-07 - 2009-06-13,44,15,4,9,66
2009-06-14 - 2009-06-20,52,12,5,10,78
2009-06-21 - 2009-06-27,51,9,5,8,79
2009-06-28 - 2009-07-04,48,7,4,7,72
2009-07-05 - 2009-07-11,44,6,3,5,73
2009-07-12 - 2009-07-18,46,5,2,4,80
2009-07-19 - 2009-07-25,49,4,2,4,85
2009-07-26 - 2009-08-01,53,5,2,4,91
2009-08-02 - 2009-08-08,54,5,2,5,89
2009-08-09 - 2009-08-15,58,6,3,6,84
2009-08-16 - 2009-08-22,57,7,4,8,89
2009-08-23 - 2009-08-29,55,8,5,9,88
2009-08-30 - 2009-09-05,52,8,4,9,83
2009-09-06 - 2009-09-12,48,8,4,9,80
2009-09-13 - 2009-09-19,54,9,5,10,78
2009-09-20 - 2009-09-26,52,10,5,10,79
2009-09-27 - 2009-10-03,50,9,4,9,72
2009-10-04 - 2009-10-10,49,7,4,8,80
2009-10-11 - 2009-10-17,47,7,3,7,77
2009-10-18 - 2009-10-24,52,9,4,10,72
2009-10-25 - 2009-10-31,52,9,4,9,91
2009-11-01 - 2009-11-07,51,8,4,9,82
2009-11-08 - 2009-11-14,52,9,4,10,88
2009-11-15 - 2009-11-21,51,8,4,9,83
2009-11-22 - 2009-11-28,51,8,4,10,81
2009-11-29 - 2009-12-05,46,7,3,8,77
2009-12-06 - 2009-12-12,42,5,2,6,77
2009-12-13 - 2009-12-19,40,4,2,5,66
2009-12-20 - 2009-12-26,30,2,1,3,71
2009-12-27 - 2010-01-02,31,2,2,3,70
2010-01-03 - 2010-01-09,47,3,2,4,66
2010-01-10 - 2010-01-16,48,4,2,4,71
2010-01-17 - 2010-01-23,45,4,2,4,78
2010-01-24 - 2010-01-30,47,3,2,4,81
2010-01-31 - 2010-02-06,50,4,2,5,82
2010-02-07 - 2010-02-13,46,5,2,5,77
2010-02-14 - 2010-02-20,42,4,2,5,84
2010-02-21 - 2010-02-27,54,6,3,8,77
2010-02-28 - 2010-03-06,56,6,3,8,75
2010-03-07 - 2010-03-13,59,7,3,9,76
2010-03-14 - 2010-03-20,56,7,4,9,76
2010-03-21 - 2010-03-27,60,8,4,9,74
2010-03-28 - 2010-04-03,51,6,3,8,78
2010-04-04 - 2010-04-10,66,8,4,9,79
2010-04-11 - 2010-04-17,61,7,4,9,70
2010-04-18 - 2010-04-24,60,7,4,8,82
2010-04-25 - 2010-05-01,60,7,4,9,80
2010-05-02 - 2010-05-08,53,7,4,8,86
2010-05-09 - 2010-05-15,57,8,4,9,95
2010-05-16 - 2010-05-22,61,9,5,10,88
2010-05-23 - 2010-05-29,52,12,6,10,84
2010-05-30 - 2010-06-05,48,15,5,9,94
2010-06-06 - 2010-06-12,50,13,6,11,86
2010-06-13 - 2010-06-19,49,9,6,10,90
2010-06-20 - 2010-06-26,47,7,5,9,87
2010-06-27 - 2010-07-03,44,6,4,6,82
2010-07-04 - 2010-07-10,44,5,3,6,72
2010-07-11 - 2010-07-17,42,4,2,5,72
2010-07-18 - 2010-07-24,42,4,2,4,79
2010-07-25 - 2010-07-31,43,4,2,4,79
2010-08-01 - 2010-08-07,46,6,3,6,77
2010-08-08 - 2010-08-14,48,6,4,7,84
2010-08-15 - 2010-08-21,49,7,4,8,77
2010-08-22 - 2010-08-28,49,7,4,9,84
2010-08-29 - 2010-09-04,47,7,4,8,83
2010-09-05 - 2010-09-11,42,6,3,7,84
2010-09-12 - 2010-09-18,48,8,4,9,84
2010-09-19 - 2010-09-25,48,8,4,8,89
2010-09-26 - 2010-10-02,44,7,4,8,85
2010-10-03 - 2010-10-09,42,6,3,7,77
2010-10-10 - 2010-10-16,40,5,3,6,82
2010-10-17 - 2010-10-23,46,7,4,8,77
2010-10-24 - 2010-10-30,45,7,4,8,83
2010-10-31 - 2010-11-06,40,7,4,8,73
2010-11-07 - 2010-11-13,46,7,4,8,76
2010-11-14 - 2010-11-20,44,7,4,8,77
2010-11-21 - 2010-11-27,45,7,3,8,66
2010-11-28 - 2010-12-04,43,6,3,7,62
2010-12-05 - 2010-12-11,39,5,2,5,65
2010-12-12 - 2010-12-18,36,4,1,4,68
2010-12-19 - 2010-12-25,30,2,1,3,68
2010-12-26 - 2011-01-01,28,2,1,3,68
2011-01-02 - 2011-01-08,39,3,1,3,83
2011-01-09 - 2011-01-15,39,3,1,3,80
2011-01-16 - 2011-01-22,42,3,1,3,77
2011-01-23 - 2011-01-29,42,3,1,3,77
2011-01-30 - 2011-02-05,43,3,2,3,86
2011-02-06 - 2011-02-12,45,4,2,4,76
2011-02-13 - 2011-02-19,46,5,3,6,76
2011-02-20 - 2011-02-26,46,5,3,6,73
2011-02-27 - 2011-03-05,43,5,3,6,70
2011-03-06 - 2011-03-12,37,4,3,5,73
2011-03-13 - 2011-03-19,47,6,4,8,76
2011-03-20 - 2011-03-26,47,7,4,8,74
2011-03-27 - 2011-04-02,48,7,4,8,71
2011-04-03 - 2011-04-09,48,6,4,8,75
2011-04-10 - 2011-04-16,47,6,4,8,79
2011-04-17 - 2011-04-23,38,4,3,6,89
2011-04-24 - 2011-04-30,49,6,4,7,84
2011-05-01 - 2011-05-07,44,6,3,6,83
2011-05-08 - 2011-05-14,46,7,3,6,81
2011-05-15 - 2011-05-21,47,8,4,7,87
2011-05-22 - 2011-05-28,45,10,4,7,89
2011-05-29 - 2011-06-04,45,15,4,7,85
2011-06-05 - 2011-06-11,43,15,4,7,82
2011-06-12 - 2011-06-18,44,9,4,7,77
2011-06-19 - 2011-06-25,38,6,3,5,83
2011-06-26 - 2011-07-02,41,5,3,5,95
2011-07-03 - 2011-07-09,40,4,2,4,87
2011-07-10 - 2011-07-16,39,4,2,4,94
2011-07-17 - 2011-07-23,38,3,2,3,91
2011-07-24 - 2011-07-30,39,4,2,4,97
2011-07-31 - 2011-08-06,42,5,3,6,96
2011-08-07 - 2011-08-13,43,6,3,7,91
2011-08-14 - 2011-08-20,43,6,3,7,99
2011-08-21 - 2011-08-27,44,6,4,7,85
2011-08-28 - 2011-09-03,45,6,3,7,90
2011-09-04 - 2011-09-10,40,5,3,6,100
2011-09-11 - 2011-09-17,45,7,4,7,81
2011-09-18 - 2011-09-24,44,7,3,7,84
2011-09-25 - 2011-10-01,44,6,3,7,73
2011-10-02 - 2011-10-08,42,5,3,6,71
2011-10-09 - 2011-10-15,39,4,2,5,83
2011-10-16 - 2011-10-22,44,6,3,7,75
2011-10-23 - 2011-10-29,45,6,3,7,70
2011-10-30 - 2011-11-05,41,5,3,6,69
2011-11-06 - 2011-11-12,43,6,3,7,77
2011-11-13 - 2011-11-19,40,5,3,6,91
2011-11-20 - 2011-11-26,44,6,4,7,74
2011-11-27 - 2011-12-03,41,5,3,6,71
2011-12-04 - 2011-12-10,37,4,2,5,74
2011-12-11 - 2011-12-17,34,3,2,4,80
2011-12-18 - 2011-12-24,30,2,2,3,69
2011-12-25 - 2011-12-31,29,2,2,3,65
2012-01-01 - 2012-01-07,39,2,2,3,68
2012-01-08 - 2012-01-14,40,2,1,3,69
2012-01-15 - 2012-01-21,37,2,1,3,75
2012-01-22 - 2012-01-28,38,2,1,3,79
2012-01-29 - 2012-02-04,42,3,2,3,77
2012-02-05 - 2012-02-11,41,3,2,4,80
2012-02-12 - 2012-02-18,40,4,2,4,75
2012-02-19 - 2012-02-25,35,3,2,4,72
2012-02-26 - 2012-03-03,46,4,3,5,69
2012-03-04 - 2012-03-10,47,4,3,6,76
2012-03-11 - 2012-03-17,48,5,3,6,77
2012-03-18 - 2012-03-24,47,5,3,7,72
2012-03-25 - 2012-03-31,45,5,3,7,72
2012-04-01 - 2012-04-07,39,4,3,6,73
2012-04-08 - 2012-04-14,45,5,3,7,71
2012-04-15 - 2012-04-21,45,5,4,6,76
2012-04-22 - 2012-04-28,53,4,3,6,82
2012-04-29 - 2012-05-05,43,4,3,5,66
2012-05-06 - 2012-05-12,45,5,3,6,72
2012-05-13 - 2012-05-19,44,6,4,6,78
2012-05-20 - 2012-05-26,44,7,4,7,84
2012-05-27 - 2012-06-02,45,11,4,7,71
2012-06-03 - 2012-06-09,38,16,3,6,78
2012-06-10 - 2012-06-16,41,9,3,7,79
2012-06-17 - 2012-06-23,40,7,3,6,79
2012-06-24 - 2012-06-30,40,5,3,5,75
2012-07-01 - 2012-07-07,39,4,3,4,80
2012-07-08 - 2012-07-14,40,3,3,4,81
2012-07-15 - 2012-07-21,37,3,2,3,86
2012-07-22 - 2012-07-28,37,3,2,3,85
2012-07-29 - 2012-08-04,38,4,2,4,75
2012-08-05 - 2012-08-11,39,5,3,5,80
2012-08-12 - 2012-08-18,41,5,3,6,76
2012-08-19 - 2012-08-25,41,5,3,6,77
2012-08-26 - 2012-09-01,40,5,3,7,81
2012-09-02 - 2012-09-08,36,5,3,6,77
2012-09-09 - 2012-09-15,41,5,4,7,79
2012-09-16 - 2012-09-22,41,6,3,6,75
2012-09-23 - 2012-09-29,40,5,3,6,73
2012-09-30 - 2012-10-06,40,4,3,6,73
2012-10-07 - 2012-10-13,33,3,2,4,70
2012-10-14 - 2012-10-20,39,4,3,6,81
2012-10-21 - 2012-10-27,40,5,3,6,70
2012-10-28 - 2012-11-03,36,5,3,6,61
2012-11-04 - 2012-11-10,39,5,3,7,65
2012-11-11 - 2012-11-17,34,4,3,5,68
2012-11-18 - 2012-11-24,37,4,3,6,71
2012-11-25 - 2012-12-01,37,4,3,6,60
2012-12-02 - 2012-12-08,36,3,2,5,62
2012-12-09 - 2012-12-15,34,2,2,4,67
2012-12-16 - 2012-12-22,29,2,2,3,64
2012-12-23 - 2012-12-29,23,1,2,2,62
2012-12-30 - 2013-01-05,30,1,2,2,65
2013-01-06 - 2013-01-12,38,2,2,3,67
2013-01-13 - 2013-01-19,38,2,2,3,67
2013-01-20 - 2013-01-26,35,2,2,3,73
2013-01-27 - 2013-02-02,36,2,2,3,67
2013-02-03 - 2013-02-09,34,2,2,3,69
2013-02-10 - 2013-02-16,30,2,2,3,66
2013-02-17 - 2013-02-23,39,3,3,4,64
2013-02-24 - 2013-03-02,39,3,3,5,64
2013-03-03 - 2013-03-09,40,3,3,5,61
2013-03-10 - 2013-03-16,41,4,4,6,59
2013-03-17 - 2013-03-23,40,4,4,6,58
2013-03-24 - 2013-03-30,35,3,3,5,59
2013-03-31 - 2013-04-06,42,4,4,6,63
2013-04-07 - 2013-04-13,43,4,4,6,63
2013-04-14 - 2013-04-20,42,4,4,6,65
2013-04-21 - 2013-04-27,42,4,3,5,64
2013-04-28 - 2013-05-04,37,4,3,5,75
2013-05-05 - 2013-05-11,40,4,3,5,63
2013-05-12 - 2013-05-18,40,5,3,5,72
2013-05-19 - 2013-05-25,40,6,4,6,72
2013-05-26 - 2013-06-01,36,7,3,5,77
2013-06-02 - 2013-06-08,40,17,3,6,72
2013-06-09 - 2013-06-15,39,7,3,6,63
2013-06-16 - 2013-06-22,38,5,3,6,61
2013-06-23 - 2013-06-29,38,4,2,5,56
2013-06-30 - 2013-07-06,37,3,2,4,62
2013-07-07 - 2013-07-13,37,3,2,4,66
2013-07-14 - 2013-07-20,37,3,2,3,68
2013-07-21 - 2013-07-27,35,2,2,3,68
2013-07-28 - 2013-08-03,38,3,3,4,77
2013-08-04 - 2013-08-10,40,4,3,5,70
2013-08-11 - 2013-08-17,39,5,3,5,72
2013-08-18 - 2013-08-24,42,5,3,6,71
2013-08-25 - 2013-08-31,42,6,3,6,72
2013-09-01 - 2013-09-07,40,5,3,6,74
2013-09-08 - 2013-09-14,39,5,3,6,76
2013-09-15 - 2013-09-21,39,5,3,6,74
2013-09-22 - 2013-09-28,39,4,3,6,67
2013-09-29 - 2013-10-05,39,4,3,5,74
2013-10-06 - 2013-10-12,39,4,2,5,75
2013-10-13 - 2013-10-19,39,4,2,5,72
2013-10-20 - 2013-10-26,40,4,3,6,77
2013-10-27 - 2013-11-02,40,4,3,6,65
2013-11-03 - 2013-11-09,40,4,3,6,66
2013-11-10 - 2013-11-16,38,4,3,6,76
2013-11-17 - 2013-11-23,39,4,3,6,65
2013-11-24 - 2013-11-30,39,4,3,5,61
2013-12-01 - 2013-12-07,37,3,2,4,62
2013-12-08 - 2013-12-14,33,2,2,4,68
2013-12-15 - 2013-12-21,30,2,2,3,64
2013-12-22 - 2013-12-28,22,1,2,2,59
2013-12-29 - 2014-01-04,29,1,1,2,64
2014-01-05 - 2014-01-11,41,2,1,3,56
2014-01-12 - 2014-01-18,38,2,1,3,61
2014-01-19 - 2014-01-25,38,2,2,3,63
2014-01-26 - 2014-02-01,40,2,2,3,60
2014-02-02 - 2014-02-08,39,2,2,4,69
2014-02-09 - 2014-02-15,40,3,2,4,64
2014-02-16 - 2014-02-22,41,3,3,5,63
2014-02-23 - 2014-03-01,38,3,3,5,64
2014-03-02 - 2014-03-08,33,2,2,4,57
2014-03-09 - 2014-03-15,44,3,3,6,62
2014-03-16 - 2014-03-22,44,4,3,6,59
2014-03-23 - 2014-03-29,44,4,3,6,61
2014-03-30 - 2014-04-05,43,3,3,6,66
2014-04-06 - 2014-04-12,42,4,3,6,68
2014-04-13 - 2014-04-19,35,3,3,4,71
2014-04-20 - 2014-04-26,40,3,3,5,66
2014-04-27 - 2014-05-03,39,3,3,5,74
2014-05-04 - 2014-05-10,43,4,4,6,66
2014-05-11 - 2014-05-17,43,4,4,7,64
2014-05-18 - 2014-05-24,43,5,5,7,71
2014-05-25 - 2014-05-31,43,6,4,7,70
2014-06-01 - 2014-06-07,40,11,4,6,64
2014-06-08 - 2014-06-14,34,4,3,5,60
2014-06-15 - 2014-06-21,33,2,2,4,71
2014-06-22 - 2014-06-28,35,2,2,4,64
2014-06-29 - 2014-07-05,36,2,3,3,65
2014-07-06 - 2014-07-12,34,2,2,3,59
2014-07-13 - 2014-07-19,37,3,3,4,65
2014-07-20 - 2014-07-26,39,3,3,4,61
2014-07-27 - 2014-08-02,40,3,3,4,64
2014-08-03 - 2014-08-09,40,3,3,5,58
2014-08-10 - 2014-08-16,40,3,3,5,65
2014-08-17 - 2014-08-23,42,4,4,6,76
2014-08-24 - 2014-08-30,42,4,4,6,70
2014-08-31 - 2014-09-06,41,4,3,6,76
2014-09-07 - 2014-09-13,41,4,3,6,71
2014-09-14 - 2014-09-20,42,4,3,6,71
2014-09-21 - 2014-09-27,40,4,3,6,72
2014-09-28 - 2014-10-04,40,4,3,6,71
2014-10-05 - 2014-10-11,39,4,3,6,65
2014-10-12 - 2014-10-18,41,3,3,6,69
2014-10-19 - 2014-10-25,43,4,3,6,76
2014-10-26 - 2014-11-01,40,4,3,8,61
2014-11-02 - 2014-11-08,43,4,3,7,65
2014-11-09 - 2014-11-15,44,4,3,6,64
2014-11-16 - 2014-11-22,40,4,3,6,75
2014-11-23 - 2014-11-29,40,4,3,6,62
2014-11-30 - 2014-12-06,42,3,2,5,56
2014-12-07 - 2014-12-13,36,2,2,4,57
2014-12-14 - 2014-12-20,33,2,2,4,56
2014-12-21 - 2014-12-27,23,1,2,2,53
2014-12-28 - 2015-01-03,24,1,2,2,54
2015-01-04 - 2015-01-10,38,1,2,3,56
2015-01-11 - 2015-01-17,40,2,2,3,61
2015-01-18 - 2015-01-24,40,2,2,4,63
2015-01-25 - 2015-01-31,40,2,2,4,56
2015-02-01 - 2015-02-07,39,2,2,4,70
2015-02-08 - 2015-02-14,38,2,2,4,61
2015-02-15 - 2015-02-21,32,2,2,4,61
2015-02-22 - 2015-02-28,41,3,3,5,58
2015-03-01 - 2015-03-07,43,3,3,6,56
2015-03-08 - 2015-03-14,42,3,3,7,60
2015-03-15 - 2015-03-21,43,4,3,7,59
2015-03-22 - 2015-03-28,41,3,3,7,67
2015-03-29 - 2015-04-04,38,3,3,6,59
2015-04-05 - 2015-04-11,44,3,3,7,67
2015-04-12 - 2015-04-18,43,3,3,6,69
2015-04-19 - 2015-04-25,39,3,3,5,73
2015-04-26 - 2015-05-02,41,3,3,5,57
2015-05-03 - 2015-05-09,43,3,3,6,73
2015-05-10 - 2015-05-16,42,4,3,6,81
2015-05-17 - 2015-05-23,45,5,3,6,69
2015-05-24 - 2015-05-30,43,6,4,6,70
2015-05-31 - 2015-06-06,37,10,3,5,79
2015-06-07 - 2015-06-13,40,7,4,6,67
2015-06-14 - 2015-06-20,40,5,4,6,70
2015-06-21 - 2015-06-27,37,4,3,5,66
2015-06-28 - 2015-07-04,36,3,3,5,80
2015-07-05 - 2015-07-11,37,2,3,5,78
2015-07-12 - 2015-07-18,37,2,2,4,72
2015-07-19 - 2015-07-25,36,2,2,4,69
2015-07-26 - 2015-08-01,37,2,2,4,71
2015-08-02 - 2015-08-08,39,3,3,5,64
2015-08-09 - 2015-08-15,40,3,3,5,81
2015-08-16 - 2015-08-22,42,4,3,6,75
2015-08-23 - 2015-08-29,43,4,3,7,74
2015-08-30 - 2015-09-05,42,4,3,7,82
2015-09-06 - 2015-09-12,37,3,3,6,82
2015-09-13 - 2015-09-19,41,4,4,7,89
2015-09-20 - 2015-09-26,41,4,4,7,69
2015-09-27 - 2015-10-03,42,3,3,6,71
2015-10-04 - 2015-10-10,39,3,3,6,64
2015-10-11 - 2015-10-17,38,3,3,5,68
2015-10-18 - 2015-10-24,42,4,3,6,68
2015-10-25 - 2015-10-31,42,3,3,6,63
2015-11-01 - 2015-11-07,40,3,3,6,61
2015-11-08 - 2015-11-14,42,4,4,6,65
2015-11-15 - 2015-11-21,40,4,5,6,66
2015-11-22 - 2015-11-28,38,4,3,6,57
2015-11-29 - 2015-12-05,38,3,3,5,62
2015-12-06 - 2015-12-12,35,2,2,4,57
2015-12-13 - 2015-12-19,34,2,2,4,56
2015-12-20 - 2015-12-26,25,1,2,3,57
2015-12-27 - 2016-01-02,26,1,2,3,56


Top sub-regions for medicina+saude+saúde
Sub-region,medicina+saude+saúde,meio ambiente,religião+religiao,economia,esporte
Federal District,100,31,65,56,62
Amapá,93,100,0,79,42
Piauí,87,57,83,53,99
Roraima,86,93,0,100,46
Bahia,84,62,82,55,100
Acre,83,58,90,66,87
Tocantins,81,71,87,67,79
Goiás,81,51,76,59,84
Pernambuco,80,45,80,53,81
Alagoas,77,45,84,45,87
Maranhão,75,68,100,57,94
Rio de Janeiro,74,40,63,53,65
Minas Gerais,73,51,69,54,78
Espirito Santo,72,48,70,48,77
Sergipe,71,48,82,49,86
São Paulo,69,33,58,45,60
Pará,69,65,91,54,59
Rio Grande do Norte,68,47,80,54,82
Mato Grosso,68,56,62,56,73
Ceará,67,46,83,51,100
Santa Catarina,67,40,69,53,66
Rondônia,66,59,79,57,85
Rio Grande do Sul,63,44,81,51,58
Mato Grosso do Sul,62,52,65,55,62
Amazonas,62,62,93,62,52
Paraná,59,40,63,50,71
Paraíba,53,38,61,41,80

Top sub-regions for meio ambiente
Sub-region,medicina+saude+saúde,meio ambiente,religião+religiao,economia,esporte
Amapá,93,100,0,79,42
Roraima,86,93,0,100,46
Tocantins,81,71,87,67,79
Maranhão,75,68,100,57,94
Pará,69,65,91,54,59
Bahia,84,62,82,55,100
Amazonas,62,62,93,62,52
Rondônia,66,59,79,57,85
Acre,83,58,90,66,87
Piauí,87,57,83,53,99
Mato Grosso,68,56,62,56,73
Mato Grosso do Sul,62,52,65,55,62
Minas Gerais,73,51,69,54,78
Goiás,81,51,76,59,84
Espirito Santo,72,48,70,48,77
Sergipe,71,48,82,49,86
Rio Grande do Norte,68,47,80,54,82
Ceará,67,46,83,51,100
Pernambuco,80,45,80,53,81
Alagoas,77,45,84,45,87
Rio Grande do Sul,63,44,81,51,58
Paraná,59,40,63,50,71
Santa Catarina,67,40,69,53,66
Rio de Janeiro,74,40,63,53,65
Paraíba,53,38,61,41,80
São Paulo,69,33,58,45,60
Federal District,100,31,65,56,62

Top sub-regions for religião+religiao
Sub-region,medicina+saude+saúde,meio ambiente,religião+religiao,economia,esporte
Maranhão,75,68,100,57,94
Amazonas,62,62,93,62,52
Pará,69,65,91,54,59
Acre,83,58,90,66,87
Tocantins,81,71,87,67,79
Alagoas,77,45,84,45,87
Piauí,87,57,83,53,99
Ceará,67,46,83,51,100
Bahia,84,62,82,55,100
Sergipe,71,48,82,49,86
Rio Grande do Sul,63,44,81,51,58
Rio Grande do Norte,68,47,80,54,82
Pernambuco,80,45,80,53,81
Rondônia,66,59,79,57,85
Goiás,81,51,76,59,84
Espirito Santo,72,48,70,48,77
Santa Catarina,67,40,69,53,66
Minas Gerais,73,51,69,54,78
Mato Grosso do Sul,62,52,65,55,62
Federal District,100,31,65,56,62
Paraná,59,40,63,50,71
Rio de Janeiro,74,40,63,53,65
Mato Grosso,68,56,62,56,73
Paraíba,53,38,61,41,80
São Paulo,69,33,58,45,60
Amapá,93,100,0,79,42
Roraima,86,93,0,100,46

Top sub-regions for economia
Sub-region,medicina+saude+saúde,meio ambiente,religião+religiao,economia,esporte
Roraima,86,93,0,100,46
Amapá,93,100,0,79,42
Tocantins,81,71,87,67,79
Acre,83,58,90,66,87
Amazonas,62,62,93,62,52
Goiás,81,51,76,59,84
Rondônia,66,59,79,57,85
Maranhão,75,68,100,57,94
Federal District,100,31,65,56,62
Mato Grosso,68,56,62,56,73
Bahia,84,62,82,55,100
Mato Grosso do Sul,62,52,65,55,62
Pará,69,65,91,54,59
Rio Grande do Norte,68,47,80,54,82
Minas Gerais,73,51,69,54,78
Santa Catarina,67,40,69,53,66
Piauí,87,57,83,53,99
Rio de Janeiro,74,40,63,53,65
Pernambuco,80,45,80,53,81
Rio Grande do Sul,63,44,81,51,58
Ceará,67,46,83,51,100
Paraná,59,40,63,50,71
Sergipe,71,48,82,49,86
Espirito Santo,72,48,70,48,77
Alagoas,77,45,84,45,87
São Paulo,69,33,58,45,60
Paraíba,53,38,61,41,80

Top sub-regions for esporte
Sub-region,medicina+saude+saúde,meio ambiente,religião+religiao,economia,esporte
Ceará,67,46,83,51,100
Bahia,84,62,82,55,100
Piauí,87,57,83,53,99
Maranhão,75,68,100,57,94
Acre,83,58,90,66,87
Alagoas,77,45,84,45,87
Sergipe,71,48,82,49,86
Rondônia,66,59,79,57,85
Goiás,81,51,76,59,84
Rio Grande do Norte,68,47,80,54,82
Pernambuco,80,45,80,53,81
Paraíba,53,38,61,41,80
Tocantins,81,71,87,67,79
Minas Gerais,73,51,69,54,78
Espirito Santo,72,48,70,48,77
Mato Grosso,68,56,62,56,73
Paraná,59,40,63,50,71
Santa Catarina,67,40,69,53,66
Rio de Janeiro,74,40,63,53,65
Federal District,100,31,65,56,62
Mato Grosso do Sul,62,52,65,55,62
São Paulo,69,33,58,45,60
Pará,69,65,91,54,59
Rio Grande do Sul,63,44,81,51,58
Amazonas,62,62,93,62,52
Roraima,86,93,0,100,46
Amapá,93,100,0,79,42


Top cities for medicina+saude+saúde
Town/City,medicina+saude+saúde
São Paulo,100
Santo André,91
Salvador,0
Teresina,0
Recife,0
Natal,0
Fortaleza,0
Brasília,0
Goiânia,0
Cuiabá,0
Diadema,0
Florianópolis,0
Rio de Janeiro,0
Belo Horizonte,0
Vitoria,0

Top cities for meio ambiente
Town/City,meio ambiente
São Luís,100
Pôrto Velho,91
Manaus,91
Belém,91
Salvador,90
Cuiabá,84
Teresina,83
Campo Grande,78
Belo Horizonte,75
Natal,72
João Pessoa,72
Goiânia,71
Uberlândia,69
Fortaleza,68
Santa Maria,68


Top cities for economia
Town/City,economia
Florianópolis,100
Brasília,94
Manaus,93
Pôrto Velho,89
Natal,88
Cuiabá,87
Campo Grande,87
Salvador,87
São Luís,84
Recife,82
Belém,81
Curitiba,80
Santa Maria,80
Belo Horizonte,79
Fortaleza,78

Top cities for esporte
Town/City,esporte
Teresina,100
Salvador,92
São Luís,91
Fortaleza,91
Pôrto Velho,87
Campina Grande,85
Goiânia,79
João Pessoa,78
Maceió,74
Natal,74
Brasília,71
Cascavel,71
Cuiabá,69
Vitoria,69
Recife,64



Top searches for medicina+saude+saúde
bradesco,100
saude bradesco,90
plano de saude,90
ministerio saude,70
ministerio da saude,70
secretaria de saude,50
faculdade de medicina,35
planos de saude,35
unimed,30
ministério da saúde,25
secretaria da saude,25
plano de saúde,25
saude publica,25
concursos,25
sus,20
amil,20
sulamerica,20
saude caixa,20
sulamerica saude,15
medicina veterinaria,15
amil saude,15
medial saude,15
medicina do trabalho,15
saude da familia,15
sul america,15
saude mental,15
sul america saude,15
saúde bradesco,10
vida e saude,10
sc saude,10
porto seguro,10
planos de saúde,10
saude da mulher,10
santa casa saude,10
revista saude,10
pro saude,10
porto seguro saude,10
tempo saude,10
saude bucal,10
ministério da saude,5
ministerio da saúde,5
ans,5
saude coletiva,5
medicina nuclear,5
dieta e saude,5
emagrecer com saude,5
fundação saude,5
a mais saude,5
medicina legal,5
anvisa,5


Top searches for meio ambiente
o meio ambiente,100
secretaria meio ambiente,20
dia meio ambiente,15
projeto meio ambiente,10
atividades meio ambiente,10
tecnico meio ambiente,10
frases meio ambiente,10
sustentabilidade,5
curso meio ambiente,5
texto meio ambiente,5
poluição,5
lixo,5
ministerio meio ambiente,5
natureza,5
meio ambiente reciclagem,5
reciclagem,5
concurso meio ambiente,5
ministério meio ambiente,5
imagens meio ambiente,5
meio ambiente resumo,5
fotos meio ambiente,5
projetos meio ambiente,5
jogos meio ambiente,5
semana meio ambiente,5
atividade meio ambiente,5
ecologia,5
redação meio ambiente,5
meio ambiente conceito,5
educação ambiental,5
noticias meio ambiente,5
desmatamento,5
aquecimento global,0
desenho meio ambiente,0
revista meio ambiente,0
frase meio ambiente,0
meio ambiente wikipedia,0
gestão ambiental,0
globalização,0
meio ambiente natural,0
impactos ambientais,0
direito ambiental,0
efeito estufa,0
desenvolvimento sustentavel,0
desenvolvimento sustentável,0


Top searches for religião+religiao
a religião,100
não religião,10
religiões,10
religião no brasil,10
egito,10
religioes,10
cristianismo,10
religião do brasil,5
religião catolica,5
islamismo,5
minha religião,5
religiao catolica,5
religião de deus,5
budismo,5
minha religiao,5
egito antigo,5
religião espirita,5
espiritismo,5
religiosidade,5
religião do egito,5
atividades de religião,5
filosofia e religião,5
religião umbanda,5
religião católica,5
religiao de deus,5
judaismo,5
religião africana,5
religião grega,5
significado de religião,5
tipos de religião,5
origem da religião,5
religião islamica,5
filosofia da religião,5
religião judaica,5
religião evangelica,5
história da religião,5
religião egipcia,5
atividade de religião,5
religião cristã,5
aula de religião,5
hebreus,5
religiao africana,5
ciencia e religiao,5
candomblé,5
hinduismo,5
religião budista,5
catolicismo,5
religiao espirita,5
maias,0
religião muçulmana,0


Top searches for economia
a economia,100
economia brasil,40
economia brasileira,25
economia do brasil,25
economia no brasil,15
economia politica,15
uol economia,10
economia mundial,10
a economia brasileira,10
economia de mercado,10
economia mista,10
rede economia,10
economia e sociedade,5
economia de energia,5
curso de economia,5
economia e mercado,5
noticias economia,5
setores da economia,5
caixa economia,5
conceito de economia,5
america economia,5
globo economia,5
economia internacional,5
economia de agua,5
faculdade de economia,5
economia da china,5
introdução a economia,5
economia colonial,5
globalização,5
economia solidária,5
economia global,5
economia solidaria,5
economia verde,5
g1 economia,5
terra economia,0
inflação,0
economia da africa,0
dicas de economia,0
globalização da economia,0
noticias de economia,0
economia criativa,0
economia domestica,0
economia de água,0
economia ambiental,0
macroeconomia,0
livros de economia,0
fundamentos da economia,0


Top searches for esporte
globo esporte,100
globo,100
esporte uol,5
uol,5
esporte interativo,5
esporte tv,0
flamengo,0
o globo esporte,0
lancenet,0
auto esporte,0
globo esporte flamengo,0
cruzeiro,0
noticias,0
globo ao vivo,0
palmeiras,0
g1 esporte,0
g1,0
jogos de esporte,0
corinthians,0
cruzeiro esporte clube,0
globo esporte palmeiras,0
esporte na globo,0
vasco,0
terra esporte,0
esportes,0
vasco globo esporte,0
gremio,0
corinthians globo esporte,0
esporte espetacular,0
tv online,0
globo noticias,0
lance,0
globo esporte gremio,0
cartola,0
globo esporte santos,0
esporte fino,0
espn,0
esporte clube bahia,0
band esporte,0
cruzeiro globo esporte,0
globo.com,0
globo.com esporte,0
noticias do esporte,0
globo esporte bahia,0
globoesporte,0
www globo esporte,0
globo esporte pe,0



Rising searches for medicina+saude+saúde
saude bradesco,+500%
amil saude,+450%
bradesco,+350%
amil,+300%
saude caixa,+300%
sulamerica saude,+250%
sulamerica,+180%
plano de saude,+150%
medial saude,+120%
unimed,+110%


Rising searches for meio ambiente
sustentabilidade,+950%
atividades meio ambiente,+550%
texto meio ambiente,+250%
frases meio ambiente,+200%
imagens meio ambiente,+200%
meio ambiente resumo,+200%
tecnico meio ambiente,+200%
projeto meio ambiente,+80%
dia meio ambiente,+70%
o meio ambiente,+70%


Rising searches for religião+religiao
minha religiao,+3,050%
atividades de religião,+1,600%
minha religião,+1,150%
não religião,+400%
religião espirita,+140%
religião de deus,+80%
a religião,+70%
egito antigo,+50%
umbanda,+40%


Rising searches for economia
uol economia,+1,250%
rede economia,+250%
economia de energia,+130%
noticias economia,+120%
setores da economia,+90%
a economia,+50%
curso de economia,+50%
economia e mercado,+50%
economia e sociedade,+50%
economia mista,+50%


Rising searches for esporte
globo ao vivo,+1,350%
globo esporte flamengo,+1,100%
globo,+800%
globo esporte,+800%
lancenet,+500%
o globo esporte,+350%
esporte interativo,+300%
esporte uol,+300%
uol,+300%
flamengo,+190%



